omnibus,124,72,196
law,123,72,195
uu,58,34,92
ada,45,29,74
banyak,43,21,64
omnibuslaw,43,13,56
rakyat,48,3,51
kerja,30,21,51
yang,32,13,45
jadi,29,16,45
demo,32,11,43
tidak,29,10,39
tolak,31,5,36
buat,25,11,36
buruh,24,10,34
kalo,21,12,33
mau,10,22,32
lebih,19,12,31
baik,15,16,31
dpr,23,3,26
bukan,12,13,25
kalau,15,9,24
perintah,13,11,24
apa,16,8,24
nya,16,8,24
sama,18,6,24
indonesia,12,12,24
usaha,9,15,24
besar,18,5,23
tuju,13,10,23
cipta,15,8,23
aja,10,12,22
orang,12,9,21
semua,15,6,21
di,10,11,21
masalah,16,5,21
jelas,12,8,20
rugi,15,5,20
salah,13,7,20
gak,11,8,19
ruu,14,4,18
udah,10,8,18
tau,13,5,18
sah,12,6,18
satu,12,5,17
penting,13,4,17
jangan,8,9,17
yg,4,12,16
mungkin,11,5,16
kok,12,4,16
mana,11,5,16
dukung,5,10,15
baca,3,12,15
arti,10,4,14
negara,10,4,14
utk,10,4,14
baru,7,7,14
hoax,7,7,14
hidup,10,4,14
kata,10,3,13
nyata,8,5,13
beberapa,6,7,13
hukum,10,3,13
rusuh,8,5,13
soal,8,5,13
pak,9,4,13
sudah,8,5,13
protes,11,2,13
bilang,6,7,13
jokowi,7,6,13
cuma,7,6,13
paham,9,4,13
benar,8,5,13
rasa,9,3,12
masuk,6,6,12
isi,9,3,12
laku,9,2,11
mudah,1,10,11
aksi,11,0,11
biar,8,3,11
presiden,5,6,11
krn,9,2,11
malah,9,2,11
kesah,10,1,11
aspirasi,9,2,11
mahasiswa,11,0,11
memang,4,7,11
banget,8,3,11
untung,8,3,11
batal,8,3,11
harus,9,2,11
ini,7,4,11
atas,9,2,11
pasal,7,3,10
kita,6,4,10
pihak,6,4,10
perlu,8,2,10
masyarakat,8,2,10
korban,10,0,10
kalian,8,2,10
terus,7,3,10
juang,7,3,10
hari,4,6,10
atur,6,4,10
jalan,6,4,10
makin,7,3,10
itu,7,3,10
padahal,7,3,10
hak,6,3,9
sebut,5,4,9
bakal,7,2,9
klo,6,3,9
media,6,3,9
lah,5,4,9
tanya,5,4,9
cara,8,1,9
lihat,6,3,9
aparat,8,1,9
awal,5,4,9
emang,7,2,9
sekali,8,1,9
dulu,5,4,9
kan,3,6,9
ketenagakerjaan,7,2,9
lingkung,7,2,9
bijak,5,4,9
negeri,6,3,9
sih,2,7,9
bikin,5,4,9
sekarang,6,3,9
daerah,7,1,8
tindak,6,2,8
lalu,2,6,8
tentang,5,3,8
nama,6,2,8
hilang,6,2,8
bukti,8,0,8
liat,3,5,8
sedang,7,1,8
sendiri,6,2,8
bakar,7,1,8
aku,6,2,8
lama,3,5,8
paling,5,3,8
fasilitas,4,4,8
bisa,6,2,8
tutup,7,1,8
investor,5,3,8
bener,4,3,7
dalam,1,6,7
sangat,5,2,7
keras,7,0,7
tunggang,6,1,7
sadar,4,3,7
berita,6,1,7
percaya,6,1,7
mk,4,3,7
draft,5,2,7
rusak,6,1,7
siapa,6,1,7
cepat,4,3,7
bahas,5,2,7
cukong,7,0,7
akhir,4,3,7
kota,6,1,7
juta,3,4,7
pro,1,6,7
bagaimana,5,2,7
depan,3,4,7
juga,6,1,7
nih,3,4,7
lapang,4,3,7
si,5,2,7
publik,7,0,7
investasi,6,1,7
coba,5,2,7
kena,3,4,7
punya,4,3,7
anarkis,6,0,6
seperti,5,1,6
anda,5,1,6
beri,3,3,6
pasti,5,1,6
balik,4,2,6
siap,3,3,6
masa,4,2,6
rusa,6,0,6
sampai,5,1,6
turun,5,1,6
dan,4,2,6
hasil,6,0,6
mereka,6,0,6
sedikit,4,2,6
lawan,6,0,6
terlalu,5,1,6
kait,3,3,6
org,4,2,6
umum,5,1,6
oligarki,6,0,6
kaya,4,2,6
ya,1,5,6
cacat,5,1,6
niat,4,2,6
akan,3,3,6
jd,4,2,6
tak,6,0,6
hutan,6,0,6
maju,0,6,6
akibat,4,2,6
hal,3,2,5
ikut,3,2,5
peduli,5,0,5
point,3,2,5
izin,2,3,5
karena,4,1,5
anak,2,3,5
api,4,1,5
kuasa,5,0,5
bela,5,0,5
bahkan,4,1,5
para,5,0,5
cabut,5,0,5
jabat,5,0,5
marah,4,1,5
begitu,4,1,5
tahu,4,1,5
wajar,5,0,5
tuh,3,2,5
susah,4,1,5
mati,5,0,5
nilai,3,2,5
belum,4,1,5
bagai,5,0,5
moga,3,2,5
asli,4,1,5
terima,2,3,5
waktu,3,2,5
gitu,2,3,5
makanya,3,2,5
ayo,2,3,5
ciptaker,4,1,5
sesuai,1,4,5
urus,1,4,5
bebas,4,1,5
seluruh,5,0,5
hingga,4,1,5
bangsa,4,1,5
anggap,4,1,5
undang,2,3,5
bayar,4,1,5
lu,3,2,5
tahun,3,2,5
tuntut,4,1,5
gw,1,4,5
kapitalis,4,1,5
kasih,3,2,5
justru,3,2,5
jawab,3,2,5
penuh,4,1,5
lewat,3,2,5
kuat,4,1,5
poin,2,2,4
jauh,2,2,4
berfikir,4,0,4
kaum,4,0,4
warga,4,0,4
umkm,0,4,4
manfaat,2,2,4
proses,2,2,4
dari,3,1,4
ke,3,1,4
aman,2,2,4
lain,2,2,4
hapus,3,1,4
transparansi,2,2,4
milik,4,0,4
khianat,4,0,4
dr,3,1,4
kes,4,0,4
yakin,2,2,4
kpd,3,1,4
sebar,2,2,4
polisi,4,0,4
lanjut,3,1,4
segera,3,1,4
nolak,1,3,4
cuman,2,2,4
kontra,2,2,4
buru,4,0,4
trus,3,1,4
sejak,1,3,4
korupsi,3,1,4
parah,4,0,4
anggota,3,1,4
dengar,4,0,4
walaupun,4,0,4
otak,2,2,4
kosong,3,1,4
betapa,2,2,4
revolusi,4,0,4
makan,2,2,4
edar,2,2,4
harap,2,2,4
lindung,2,2,4
suara,1,3,4
buruk,2,2,4
sisi,1,3,4
sikap,2,2,4
tinggal,4,0,4
dunia,3,1,4
tentu,4,0,4
karna,1,3,4
angkat,2,2,4
kayak,1,3,4
kelas,3,1,4
tengah,2,2,4
bapak,4,0,4
langsung,2,2,4
mata,3,1,4
buka,0,4,4
khusus,3,1,4
sengsara,4,0,4
doang,4,0,4
hati,3,1,4
sehat,4,0,4
budak,3,1,4
luar,2,2,4
modal,4,0,4
tetep,4,0,4
bisnis,2,2,4
bukankah,2,2,4
luas,1,3,4
phk,3,1,4
gue,2,2,4
dak,1,3,4
tindas,3,1,4
paksa,4,0,4
sini,3,1,4
minta,2,2,4
bodoh,3,1,4
kaji,3,1,4
tapi,4,0,4
gagal,4,0,4
ngerti,2,2,4
pake,3,1,4
heran,2,2,4
inti,4,0,4
bangun,1,3,4
sejahtera,2,2,4
adil,3,1,4
tenaga,4,0,4
lahan,3,1,4
hanya,4,0,4
iya,2,2,4
positif,0,4,4
janji,3,1,4
datang,4,0,4
uang,2,2,4
kurang,1,3,4
ekonomi,2,2,4
pimpin,3,1,4
tetap,2,2,4
teman,2,1,3
lagi,1,2,3
uud,3,0,3
bentuk,2,1,3
mesti,2,1,3
sektor,1,2,3
kelompok,1,2,3
saja,0,3,3
lempar,2,1,3
alat,3,0,3
lg,3,0,3
rezim,3,0,3
bhw,2,1,3
arah,3,0,3
tangkap,3,0,3
kecewa,3,0,3
tega,3,0,3
peluang,2,1,3
oknum,2,1,3
tambah,3,0,3
lo,1,2,3
begini,1,2,3
dah,2,1,3
nyawa,3,0,3
bangsat,3,0,3
tiba,1,2,3
bom,1,2,3
sengaja,2,1,3
saat,3,0,3
menteri,2,1,3
ngomong,3,0,3
bagi,2,1,3
janggal,3,0,3
tanda,2,1,3
pademi,3,0,3
asal,1,2,3
pusat,2,1,3
contoh,2,1,3
analisis,2,1,3
tanah,3,0,3
air,3,0,3
revisi,0,3,3
banding,2,1,3
isu,3,0,3
tka,2,1,3
china,3,0,3
demokrat,1,2,3
muncul,2,1,3
usul,3,0,3
pada,1,2,3
sosial,1,2,3
tenang,1,2,3
gimana,0,3,3
mulu,1,2,3
rame,0,3,3
bang,3,0,3
demonstran,2,1,3
bicara,2,1,3
narasi,3,0,3
bantu,2,1,3
efisien,1,2,3
sm,2,1,3
fakta,2,1,3
klarifikasi,2,1,3
sby,2,1,3
akal,2,1,3
bung,3,0,3
jamin,2,1,3
sepenuh,1,2,3
berdak,2,1,3
asing,3,0,3
beda,2,1,3
atau,2,1,3
halal,2,1,3
suatu,3,0,3
untuk,1,2,3
tangan,3,0,3
golong,1,2,3
selalu,1,2,3
nyai,1,2,3
n,3,0,3
sarat,3,0,3
situ,2,1,3
bawah,2,1,3
sangon,2,1,3
gk,2,1,3
rumah,3,0,3
dong,2,1,3
bos,3,0,3
naik,1,2,3
ubah,2,1,3
politik,2,1,3
butuh,2,1,3
darah,3,0,3
sasar,2,1,3
telinga,3,0,3
benci,2,1,3
pd,2,1,3
jajah,3,0,3
pernah,1,2,3
pandemi,2,1,3
karyawan,3,0,3
partai,3,0,3
lantas,3,0,3
ganti,1,2,3
tarik,1,2,3
omong,3,0,3
lepas,2,1,3
pikir,2,1,3
tepat,2,1,3
konglomerat,3,0,3
alias,3,0,3
maksud,2,1,3
produk,1,2,3
ulang,3,0,3
curiga,3,0,3
tegas,2,1,3
amdal,2,1,3
masing,2,1,3
sembunyi,2,0,2
serikat,2,0,2
ormas,1,1,2
power,1,1,2
people,1,1,2
kutip,1,1,2
prof,1,1,2
sipil,2,0,2
susup,1,1,2
sma,1,1,2
aktor,0,2,2
oposisi,1,1,2
bara,1,1,2
akar,1,1,2
bersih,2,0,2
it,1,1,2
jejak,1,1,2
asap,2,0,2
bentar,2,0,2
batu,2,0,2
tulis,1,1,2
situasi,2,0,2
ampun,2,0,2
lambat,1,1,2
takut,2,0,2
smua,1,1,2
biadab,2,0,2
entah,1,1,2
keluar,2,0,2
mundur,2,0,2
wkwkw,0,2,2
gilir,0,2,2
nyambung,2,0,2
fasum,2,0,2
utama,2,0,2
ama,2,0,2
kpopers,1,1,2
biaya,2,0,2
ridwan,2,0,2
kamil,2,0,2
rk,1,1,2
serang,2,0,2
beliau,1,1,2
sepakat,2,0,2
draf,2,0,2
goblok,2,0,2
bawa,1,1,2
loe,2,0,2
maksa,2,0,2
msh,1,1,2
ancam,2,0,2
demokratisasi,2,0,2
siar,2,0,2
telah,1,1,2
halte,1,1,2
teriak,1,1,2
diskusi,2,0,2
pemda,1,1,2
lbh,2,0,2
scr,1,1,2
per,2,0,2
sia,2,0,2
jga,1,1,2
elemen,1,1,2
duga,2,0,2
aneh,0,2,2
rancang,0,2,2
and,0,2,2
well,0,2,2
nanti,2,0,2
berapa,2,0,2
ngeri,2,0,2
proyek,2,0,2
lokal,2,0,2
gaji,1,1,2
respect,1,1,2
sidang,0,2,2
ngapain,1,1,2
siang,2,0,2
amat,1,1,2
ol,1,1,2
bagus,1,1,2
pegawai,1,1,2
korup,2,0,2
bahasa,0,2,2
bkn,1,1,2
tolong,1,1,2
kecil,1,1,2
gausah,1,1,2
gera,2,0,2
cilaka,2,0,2
pancing,1,1,2
keluarga,1,1,2
gedung,1,1,2
gapapa,2,0,2
perppu,2,0,2
tiada,1,1,2
maksimal,2,0,2
luka,2,0,2
dengan,2,0,2
diri,2,0,2
usah,2,0,2
guna,1,1,2
hasut,1,1,2
empati,1,1,2
alih,2,0,2
gaung,2,0,2
semangat,1,1,2
maya,2,0,2
nonton,1,1,2
sok,2,0,2
an,2,0,2
efektif,1,1,2
bebal,2,0,2
sifat,2,0,2
dana,2,0,2
jumlah,1,1,2
berani,2,0,2
ngomongin,2,0,2
sejarah,2,0,2
nurani,2,0,2
jarah,2,0,2
alam,2,0,2
hutang,2,0,2
nyari,1,1,2
bingung,2,0,2
turut,2,0,2
henti,1,1,2
terap,0,2,2
dpt,0,2,2
ujung,1,1,2
pancasila,2,0,2
outsourcing,1,1,2
bidang,1,1,2
pecat,0,2,2
meski,0,2,2
terimakasih,1,1,2
kasus,2,0,2
pilih,2,0,2
miskin,2,0,2
tendensi,0,2,2
malam,2,0,2
segala,2,0,2
palu,2,0,2
potong,0,2,2
mbak,2,0,2
opini,1,1,2
eropa,2,0,2
informatif,2,0,2
unjuk,2,0,2
nentang,2,0,2
politis,1,1,2
busuk,2,0,2
pks,2,0,2
demonstrasi,1,1,2
sahkan,1,1,2
kamu,0,2,2
endingnya,1,1,2
dapat,1,1,2
rubah,1,1,2
gugat,1,1,2
debat,1,1,2
puan,2,0,2
skrg,2,0,2
monggo,0,2,2
bpk,0,2,2
tempat,0,2,2
mah,1,1,2
tuntas,0,2,2
tunjuk,2,0,2
sbg,1,1,2
mmg,2,0,2
fatal,2,0,2
ente,1,1,2
minimal,2,0,2
covid,2,0,2
data,1,1,2
dikit,2,0,2
logika,1,1,2
dia,2,0,2
jgn,2,0,2
laut,2,0,2
gusur,2,0,2
segi,2,0,2
gua,1,1,2
kadang,1,1,2
murni,0,2,2
ngurus,0,2,2
perijinan,0,2,2
salut,0,2,2
tuding,1,1,2
sungguh,0,2,2
tuan,2,0,2
dokumen,1,1,2
selesampai,0,2,2
besok,1,1,2
informasi,0,2,2
imbang,0,2,2
tebar,1,1,2
dalang,1,1,2
sy,0,2,2
efek,2,0,2
manusia,2,0,2
wajib,2,0,2
sementara,2,0,2
ambil,2,0,2
benah,2,0,2
panjang,2,0,2
bunuh,2,0,2
kesal,2,0,2
ajak,2,0,2
ngobrol,1,1,2
hebat,2,0,2
putar,2,0,2
mohon,2,0,2
udh,0,2,2
mental,1,1,2
indo,1,1,2
emg,1,1,2
ngmg,1,1,2
dasar,2,0,2
cek,2,0,2
ruang,2,0,2
nah,1,1,2
pakai,2,0,2
penasaran,0,2,2
share,1,1,2
tinggi,0,2,2
mahfud,0,2,2
bahwa,1,1,2
demi,2,0,2
korporasi,1,1,2
lembaga,1,1,2
swasta,2,0,2
tanggung,1,1,2
adalah,1,1,2
rupa,2,0,2
cina,2,0,2
cari,0,2,2
emng,1,1,2
gada,0,2,2
alas,1,1,2
loh,0,2,2
dagang,0,2,2
he,1,1,2
yaa,1,1,2
serah,0,2,2
makmur,1,1,2
mogok,2,0,2
libat,1,1,2
keliru,2,0,2
masih,2,0,2
main,2,0,2
berat,2,0,2
berontak,2,0,2
jahat,2,0,2
jakarta,1,1,2
kemaren,1,1,2
tahan,1,1,2
diem,1,1,2
on,1,1,2
ketok,2,0,2
bu,1,1,2
remeh,2,0,2
hubung,2,0,2
kawasan,2,0,2
kalimantan,1,1,2
papua,1,1,2
sawit,2,0,2
teknis,1,1,2
sosialisasi,0,2,2
kepada,1,1,2
akun,1,1,2
bahaya,2,0,2
kami,2,0,2
layak,2,0,2
massa,2,0,2
wakil,2,0,2
solusi,2,0,2
usik,2,0,2
dn,2,0,2
jdi,2,0,2
andil,1,1,2
ingat,0,2,2
pajak,1,1,2
antara,1,1,2
pasar,2,0,2
syarat,2,0,2
medsos,2,0,2
paripurna,2,0,2
you,1,1,2
percuma,2,0,2
saudara,1,1,2
titip,2,0,2
taipan,2,0,2
agenda,1,1,2
lemah,1,1,2
ungkap,0,2,2
brutal,2,0,2
sistem,2,0,2
kapitalisme,2,0,2
hancur,2,0,2
sana,1,1,2
wujud,0,2,2
tlh,2,0,2
diam,2,0,2
jaman,2,0,2
dlm,2,0,2
kontroversi,1,1,2
yo,1,1,2
naskah,2,0,2
reformasi,0,2,2
joko,0,2,2
widodo,0,2,2
sederhana,2,0,2
cukup,1,1,2
putus,2,0,2
lolos,2,0,2
komunis,2,0,2
hitam,2,0,2
republik,2,0,2
dprd,2,0,2
waspada,2,0,2
ingin,1,1,2
aj,2,0,2
temen,1,0,1
kemarin,0,1,1
tunggu,1,0,1
kawan,0,1,1
cita,1,0,1
pressure,1,0,1
pakar,1,0,1
tata,1,0,1
oss,0,1,1
online,0,1,1
single,0,1,1
submission,0,1,1
klaster,1,0,1
oleh,1,0,1
substansial,1,0,1
adopsi,1,0,1
abai,1,0,1
anarkhis,0,1,1
berbulan,0,1,1
slm,0,1,1
tertib,0,1,1
kendala,0,1,1
kuhp,0,1,1
pion,0,1,1
rumput,0,1,1
re,0,1,1
pidana,1,0,1
bersihin,1,0,1
digital,1,0,1
disweeping,1,0,1
dikhianatin,1,0,1
mossi,1,0,1
thdp,1,0,1
dm,1,0,1
alloh,1,0,1
manhaj,1,0,1
dakwah,1,0,1
salaf,1,0,1
dipungkiri,1,0,1
jiwa,1,0,1
judicial,1,0,1
review,1,0,1
jka,1,0,1
stuju,1,0,1
pngesahan,1,0,1
jngan,1,0,1
dperalat,1,0,1
haus,1,0,1
kuas,1,0,1
mnghalalkan,1,0,1
barbar,1,0,1
mosi,1,0,1
politikus,0,1,1
parpolnya,0,1,1
elahhhhh,0,1,1
bgst,0,1,1
tai,0,1,1
ledik,0,1,1
idupnya,1,0,1
ken,1,0,1
jamet,1,0,1
kontol,1,0,1
gajelas,1,0,1
nge,1,0,1
kritik,1,0,1
delegitimasi,1,0,1
kelan,1,0,1
syalalala,0,1,1
post,1,0,1
bau,1,0,1
gamau,1,0,1
brp,1,0,1
kontak,1,0,1
dihp,1,0,1
mayoritas,1,0,1
speak,1,0,1
up,1,0,1
story,1,0,1
kemudian,1,0,1
kejar,1,0,1
setor,1,0,1
surati,1,0,1
pribadi,1,0,1
kaget,1,0,1
saran,0,1,1
jurus,0,1,1
boneka,1,0,1
airlangga,1,0,1
bangsaat,1,0,1
bangeeet,1,0,1
sponsor,1,0,1
laknatuallah,1,0,1
ngejagong,1,0,1
bae,1,0,1
drpd,1,0,1
menggenaskan,1,0,1
aji,1,0,1
sejati,0,1,1
gelintir,0,1,1
sorot,0,1,1
kesel,1,0,1
tonton,1,0,1
fb,1,0,1
wewenang,1,0,1
sumber,1,0,1
prinsip,1,0,1
umr,1,0,1
ln,1,0,1
alhamdulillah,1,0,1
kalsel,1,0,1
menang,1,0,1
segan,1,0,1
sempat,1,0,1
ribut,1,0,1
kondusif,1,0,1
sosiologis,1,0,1
masif,1,0,1
penjuru,1,0,1
kampus,1,0,1
gabaca,0,1,1
ake,0,1,1
kek,0,1,1
ntar,0,1,1
malu,0,1,1
s,0,1,1
still,0,1,1
jilid,1,0,1
ii,1,0,1
anying,1,0,1
atuh,1,0,1
teh,1,0,1
ah,1,0,1
tekendali,1,0,1
se,0,1,1
pergi,0,1,1
hashtagnya,0,1,1
buzzerp,1,0,1
influencerp,1,0,1
gratis,1,0,1
laksana,0,1,1
industry,1,0,1
enak,1,0,1
duit,0,1,1
latin,0,1,1
makna,0,1,1
didik,0,1,1
budaya,0,1,1
agraria,0,1,1
relatif,0,1,1
taraf,0,1,1
repot,0,1,1
ngurusin,0,1,1
pergola,1,0,1
wilayah,1,0,1
balas,1,0,1
bandung,1,0,1
oktober,1,0,1
sate,1,0,1
untun,1,0,1
sindir,1,0,1
kung,1,0,1
baperan,1,0,1
nyaman,1,0,1
terdak,1,0,1
apatis,1,0,1
bajing,1,0,1
fadli,1,0,1
tnaya,1,0,1
statemenya,1,0,1
g,1,0,1
bonus,1,0,1
demografi,1,0,1
jawabanya,1,0,1
youtubenya,1,0,1
jatuh,1,0,1
kabar,1,0,1
merespon,1,0,1
represif,1,0,1
islam,1,0,1
pandang,1,0,1
mikir,1,0,1
nyinyir,1,0,1
nyalahin,0,1,1
teliti,0,1,1
kolom,0,1,1
comment,0,1,1
sejelasxnya,0,1,1
ngehe,0,1,1
kembali,1,0,1
kecoh,1,0,1
tt,1,0,1
barusan,1,0,1
kamar,1,0,1
denger,1,0,1
makku,1,0,1
tipi,1,0,1
artis,1,0,1
wawancara,1,0,1
sumpa,1,0,1
goblo,1,0,1
sape,1,0,1
anjg,1,0,1
bijaksana,1,0,1
matana,1,0,1
yangfun,1,0,1
aq,1,0,1
emosy,1,0,1
tong,1,0,1
mangkas,0,1,1
ijin,0,1,1
rusakin,1,0,1
cikeas,1,0,1
bandar,1,0,1
kembang,1,0,1
liar,1,0,1
ahy,1,0,1
buah,1,0,1
rudi,1,0,1
kamri,1,0,1
kberadaan,1,0,1
mnyengsarakan,1,0,1
tntu,1,0,1
bhkan,1,0,1
kalah,1,0,1
brsampaing,1,0,1
shingga,1,0,1
trsedia,1,0,1
krja,1,0,1
mncapai,1,0,1
jago,1,0,1
gaada,1,0,1
ngerusak,1,0,1
sakit,1,0,1
duka,1,0,1
pulang,1,0,1
rahmatulloh,1,0,1
bner,1,0,1
kta,1,0,1
dapet,1,0,1
kualitas,1,0,1
gambling,1,0,1
nyoba,1,0,1
botol,1,0,1
botak,1,0,1
tolol,1,0,1
ngak,1,0,1
lansung,1,0,1
nguntungin,1,0,1
bangkrut,0,1,1
aseng,1,0,1
mending,1,0,1
fokus,1,0,1
entertain,1,0,1
nyemplung,1,0,1
nambah,1,0,1
keruh,1,0,1
batin,1,0,1
suasana,1,0,1
adab,1,0,1
nekat,1,0,1
desta,1,0,1
jkw,1,0,1
fungsi,1,0,1
ahli,1,0,1
masing-masing,1,0,1
semena,0,1,1
mena,0,1,1
asa,0,1,1
nikmat,0,1,1
cucu,0,1,1
borjuis,1,0,1
sial,1,0,1
dandan,1,0,1
ancor,1,0,1
demokratif,1,0,1
singkat,1,0,1
kompleks,1,0,1
segara,1,0,1
publikasi,1,0,1
ketuk,1,0,1
muluk,1,0,1
sistematis,0,1,1
administrasi,0,1,1
birokrasi,0,1,1
deeeeeng,1,0,1
oke,1,0,1
gapaham,1,0,1
mbknya,1,0,1
negative,1,0,1
jempol,1,0,1
gel,1,0,1
bangga,1,0,1
amrik,1,0,1
neg,1,0,1
gegara,1,0,1
george,1,0,1
floyd,1,0,1
tewas,1,0,1
why,1,0,1
murka,1,0,1
garap,1,0,1
haru,1,0,1
kuda,1,0,1
dsn,1,0,1
demokrrat,1,0,1
suka,1,0,1
kamis,1,0,1
manusi,1,0,1
hadir,1,0,1
pngen,0,1,1
amal,0,1,1
d,0,1,1
ingsun,0,1,1
walkak,0,1,1
likuk,0,1,1
ben,0,1,1
urip,0,1,1
kira,0,1,1
ngebahas,1,0,1
diteriakin,1,0,1
dewan,1,0,1
apalgi,1,0,1
bangkee,1,0,1
suruh,0,1,1
ngajuin,0,1,1
nek,0,1,1
ra,0,1,1
ro,0,1,1
jebul,0,1,1
wes,0,1,1
jawil,0,1,1
ajuin,0,1,1
intruksi,0,1,1
om,0,1,1
llo,0,1,1
lho,0,1,1
warung,1,0,1
kopi,1,0,1
hrs,1,0,1
nutupi,1,0,1
draftnya,1,0,1
sesat,1,0,1
divalidasi,1,0,1
akademisi,1,0,1
kali,1,0,1
webinar,1,0,1
bulan,1,0,1
upah,1,0,1
dokter,0,1,1
tirta,0,1,1
cerdas,1,0,1
kecam,1,0,1
ibarat,1,0,1
gede,1,0,1
tetangga,1,0,1
nolong,1,0,1
woy,1,0,1
nyiramnya,1,0,1
comberan,1,0,1
merk,1,0,1
ramasuk,1,0,1
gelo,1,0,1
sungai,1,0,1
gunung,1,0,1
oksigen,1,0,1
ancur,1,0,1
tilik,1,0,1
mo,0,1,1
dtunggangi,0,1,1
ambisius,0,1,1
dpilkada,0,1,1
jelasin,1,0,1
kasi,1,0,1
taun,1,0,1
buktiin,1,0,1
hey,1,0,1
buddyyyyy,1,0,1
untut,1,0,1
transparasi,1,0,1
ajar,1,0,1
diperjuangin,1,0,1
melek,0,1,1
plis,0,1,1
ahlaq,0,1,1
ngikut,0,1,1
trending,0,1,1
cemas,0,1,1
ma,0,1,1
y,0,1,1
ngrugiin,0,1,1
ngetik,0,1,1
ngetiknya,0,1,1
wkwkwk,0,1,1
chaos,1,0,1
wenang,1,0,1
ketika,0,1,1
dibully,0,1,1
maki,0,1,1
otoriter,0,1,1
senggol,1,0,1
bacok,1,0,1
layang,1,0,1
singapura,0,1,1
kau,0,1,1
video,0,1,1
indikasi,0,1,1
lahir,0,1,1
th,0,1,1
mantan,0,1,1
insting,0,1,1
rekayasa,0,1,1
ngeluh,1,0,1
allah,1,0,1
doa,1,0,1
bego,1,0,1
sumpahin,1,0,1
neraka,1,0,1
walikota,1,0,1
hajat,1,0,1
untukapa,1,0,1
patuh,1,0,1
insfratruktur,1,0,1
jangka,1,0,1
beberpa,1,0,1
temu,1,0,1
bincang,1,0,1
jenak,1,0,1
krna,1,0,1
linkaran,1,0,1
iblis,1,0,1
pancasilais,1,0,1
mengugatnya,1,0,1
ri,1,0,1
filter,1,0,1
suri,1,0,1
bantuanya,1,0,1
hadap,1,0,1
kawal,1,0,1
dibayang,1,0,1
blm,0,1,1
pesimis,0,1,1
iyaa,1,0,1
trust,1,0,1
lingkup,1,0,1
guideline,1,0,1
eksekusi,1,0,1
konsep,1,0,1
hehehe,1,0,1
ketidakadilan,0,1,1
bedah,1,0,1
pokok,1,0,1
solanya,0,1,1
tribunnews,0,1,1
google,0,1,1
drive,0,1,1
akses,0,1,1
donk,0,1,1
thanks,0,1,1
please,0,1,1
banner,0,1,1
setinggi,0,1,1
giring,0,1,1
resume,0,1,1
konferensi,0,1,1
pers,0,1,1
md,0,1,1
dishare,0,1,1
godok,1,0,1
gubris,1,0,1
mengcover,1,0,1
maka,1,0,1
industri,1,0,1
knp,1,0,1
terburu,1,0,1
pasalnya,1,0,1
serta,1,0,1
transparan,1,0,1
kesalahpahaman,0,1,1
info,0,1,1
mainstream,0,1,1
ternaman,0,1,1
kelar,0,1,1
utang,1,0,1
lengser,1,0,1
adik,1,0,1
kak,0,1,1
kenapa,0,1,1
medis,0,1,1
rejekinya,0,1,1
sepi,0,1,1
detilnya,0,1,1
halaman,0,1,1
resistance,0,1,1
kalimat,0,1,1
pemprov,0,1,1
jabar,0,1,1
surat,0,1,1
rau,0,1,1
dprdnya,0,1,1
sukses,0,1,1
pintu,0,1,1
rezeki,0,1,1
larang,0,1,1
impor,0,1,1
karyawannya,0,1,1
lamar,0,1,1
damai,0,1,1
mprof,0,1,1
interogasi,1,0,1
model,1,0,1
patah,1,0,1
framingnya,0,1,1
jujur,0,1,1
nemu,0,1,1
analisa,0,1,1
lengkap,0,1,1
positive,0,1,1
unggul,0,1,1
skip,0,1,1
standar,1,0,1
daknya,1,0,1
misal,1,0,1
perempuan,1,0,1
ngegodain,1,0,1
in,1,0,1
imbalanya,1,0,1
sahkanya,1,0,1
resah,1,0,1
duduk,1,0,1
diyeyeyein,0,1,1
mojokin,0,1,1
kurespon,0,1,1
mba,0,1,1
backing,1,0,1
advocat,1,0,1
tera,1,0,1
belah,1,0,1
peran,1,0,1
bro,1,0,1
manipulatif,1,0,1
terkadang,1,0,1
diberitain,1,0,1
realita,1,0,1
steer,1,0,1
heboh,1,0,1
imbas,1,0,1
rahasia,1,0,1
alami,1,0,1
stm,1,0,1
syahwat,1,0,1
parpol,1,0,1
kasihan,1,0,1
tiket,1,0,1
kereta,1,0,1
truk,1,0,1
bus,1,0,1
almet,0,1,1
ditanyain,0,1,1
basic,0,1,1
dijadiin,0,1,1
lhaaaa,0,1,1
anti,1,0,1
gerindra,1,0,1
milu,1,0,1
dua,1,0,1
come,1,0,1
polos,1,0,1
narik,1,0,1
simpati,1,0,1
pdip,1,0,1
zaman,1,0,1
gaya,1,0,1
hoaxnya,1,0,1
kritis,1,0,1
smi,0,1,1
kompeten,0,1,1
tidur,1,0,1
nyenyak,1,0,1
dsuatu,1,0,1
pengaruh,1,0,1
trhadap,1,0,1
toh,1,0,1
saling,1,0,1
tangis,1,0,1
dikatain,0,1,1
buzzer,0,1,1
shut,0,1,1
ngebikin,0,1,1
prp,0,1,1
relevan,0,1,1
hipokrit,0,1,1
ramah,1,0,1
website,1,0,1
resmi,1,0,1
sumatera,1,0,1
plontos,1,0,1
gali,1,0,1
gundul,1,0,1
kelapa,1,0,1
klopun,0,1,1
prakarsa,0,1,1
imb,0,1,1
acc,0,1,1
handle,0,1,1
keteter,0,1,1
dingin,1,0,1
panas,1,0,1
valid,0,1,1
minim,0,1,1
broadcast,0,1,1
to,0,1,1
ragu,0,1,1
via,0,1,1
zoom,0,1,1
diancurin,0,1,1
dipindahin,0,1,1
lari,0,1,1
hmmm,0,1,1
nganu,0,1,1
gin,1,0,1
ayat,0,1,1
rang,0,1,1
lebay,1,0,1
cantik,1,0,1
baing,1,0,1
kerok,1,0,1
biang,1,0,1
fisik,1,0,1
syantik,1,0,1
be,1,0,1
dair,1,0,1
sebab,1,0,1
akibanya,1,0,1
corona,1,0,1
geram,1,0,1
muak,1,0,1
lucu,1,0,1
yah,1,0,1
thread,1,0,1
substansi,1,0,1
erti,1,0,1
gmn,1,0,1
tapu,1,0,1
ngoceh,1,0,1
diviralkan,1,0,1
orasi,1,0,1
seragam,1,0,1
buta,1,0,1
perkara,1,0,1
cenderung,1,0,1
mengglorifikasi,1,0,1
pretel,1,0,1
raja,1,0,1
provokasi,0,1,1
ide,1,0,1
nyorot,1,0,1
kacau,1,0,1
bentur,1,0,1
canda,1,0,1
serius,1,0,1
inflasi,0,1,1
emank,0,1,1
olb,0,1,1
ump,0,1,1
daya,0,1,1
tawar,0,1,1
barang,0,1,1
alir,0,1,1
devisa,0,1,1
dongkrak,0,1,1
mafia,0,1,1
bnyak,1,0,1
sbentar,1,0,1
pahlawan,1,0,1
pun,0,1,1
eh,1,0,1
dibentrokin,1,0,1
gabakal,1,0,1
besaran,1,0,1
timbul,1,0,1
file,0,1,1
min,0,1,1
dusta,0,1,1
mmt,1,0,1
market,1,0,1
free,1,0,1
trade,1,0,1
fair,1,0,1
produksi,1,0,1
tekan,1,0,1
pdb,1,0,1
ala,1,0,1
tiongkok,1,0,1
silau,1,0,1
jika,0,1,1
harmonisasi,0,1,1
antar,0,1,1
regulasi,0,1,1
kemas,0,1,1
implementasi,0,1,1
ngotot,1,0,1
tantang,1,0,1
kecuali,1,0,1
linknya,1,0,1
hahahahaha,1,0,1
hahahaha,1,0,1
menangin,1,0,1
nyenangin,1,0,1
konglo,1,0,1
hahahah,1,0,1
komposisi,1,0,1
unsur,1,0,1
ngebut,1,0,1
konten,1,0,1
desas,1,0,1
desus,1,0,1
dipake,1,0,1
disinformasi,1,0,1
ngelanggar,1,0,1
partisipasi,1,0,1
omg,1,0,1
cetek,1,0,1
think,1,0,1
naikin,1,0,1
ht,1,0,1
ngeht,1,0,1
spam,1,0,1
semata,1,0,1
keluh,1,0,1
perihal,1,0,1
ditrendingkan,1,0,1
modern,1,0,1
tikam,1,0,1
nasib,1,0,1
represi,1,0,1
komitmen,0,1,1
sri,0,1,1
mulyani,0,1,1
indrawati,0,1,1
oecd,0,1,1
forum,0,1,1
green,0,1,1
finance,0,1,1
investment,0,1,1
virtual,0,1,1
jumat,0,1,1
sdr,0,1,1
picu,1,0,1
konflik,1,0,1
tingkat,1,0,1
derajat,1,0,1
tadi,1,0,1
kian,1,0,1
sekadar,1,0,1
menyelesampaikan,1,0,1
sunti,1,0,1
beneran,0,1,1
a,0,1,1
real,0,1,1
thing,0,1,1
poster,0,1,1
presepsi,0,1,1
suplai,1,0,1
batubara,1,0,1
listrik,1,0,1
otsus,0,1,1
otsuspapua,0,1,1
habis,1,0,1
ulit,1,0,1
kuku,1,0,1
nyamuk,1,0,1
penghisap,1,0,1
bulu,1,0,1
jem,1,0,1
kalang,0,1,1
merupakqn,0,1,1
terobos,0,1,1
emas,0,1,1
ulur,0,1,1
arif,0,1,1
serasi,0,1,1
selaras,0,1,1
beban,1,0,1
memanfatkan,1,0,1
bongkar,1,0,1
pasang,1,0,1
culas,1,0,1
kkn,1,0,1
sayang,1,0,1
kpk,1,0,1
impoten,1,0,1
kontroversial,1,0,1
ramai,1,0,1
ibu,1,0,1
acung,1,0,1
jari,1,0,1
patik,1,0,1
gerak,1,0,1
jls,1,0,1
tusuk,1,0,1
nadi,1,0,1
martabat,1,0,1
kemanusian,1,0,1
pabrik,1,0,1
tetiba,1,0,1
klu,1,0,1
by,1,0,1
desampain,1,0,1
sedasyat,1,0,1
daftar,0,1,1
persero,0,1,1
batas,0,1,1
pt,0,1,1
kolaborasi,0,1,1
deregulasi,1,0,1
thd,1,0,1
peruuan,1,0,1
hambat,1,0,1
karpet,1,0,1
merah,1,0,1
sklgus,1,0,1
buldozer,1,0,1
adat,1,0,1
fihak,1,0,1
abur,1,0,1
anarki,1,0,1
semenjak,1,0,1
puruk,1,0,1
kroni,1,0,1
imperialis,1,0,1
bujuk,1,0,1
tirani,1,0,1
perlahan,1,0,1
dirugiin,1,0,1
kantor,1,0,1
eksploitasi,1,0,1
deh,1,0,1
susun,1,0,1
gaduh,1,0,1
realistis,1,0,1
belanda,1,0,1
serap,1,0,1
celah,1,0,1
its,1,0,1
okay,1,0,1
upaya,0,1,1
periksa,0,1,1
guru,0,1,1
terbit,0,1,1
sertifikat,0,1,1
aju,1,0,1
semat,1,0,1
royalti,1,0,1
enek,1,0,1
international,1,0,1
p,0,1,1
jalur,0,1,1
melu,0,1,1
gae,0,1,1
prosedur,0,1,1
ku,0,1,1
ws,0,1,1
apik,0,1,1
konsultan,0,1,1
e,0,1,1
mbulet,0,1,1
ga,0,1,1
karuan,0,1,1
kudu,0,1,1
nyangoni,0,1,1
wong,0,1,1
akeh,0,1,1
sek,0,1,1
diplintir,1,0,1
penyerdahanaan,1,0,1
ngaku,1,0,1
pandai,1,0,1
akting,1,0,1
sekolah,1,0,1
lantar,1,0,1
tara,1,0,1
m,1,0,1
olah,1,0,1
bungkam,1,0,1
wey,1,0,1
blokade,1,0,1
nego,1,0,1
lempari,1,0,1
gas,1,0,1
pdi,0,1,1
potensi,0,1,1
prahh,0,1,1
judul,0,1,1
click,0,1,1
bait,0,1,1
mlah,0,1,1
bank,0,1,1
puji,0,1,1
ngara,0,1,1
smuanya,0,1,1
pesan,1,0,1
ribu,1,0,1
ricuh,1,0,1
mute,1,0,1
darurat,1,0,1
rekomendasi,1,0,1
diharapin,1,0,1
sii,0,1,1
dalil,0,1,1
mnurut,0,1,1
koo,0,1,1
lohh,0,1,1
dri,0,1,1
brbagai,0,1,1
antre,0,1,1
sebebkan,1,0,1
lingkuan,1,0,1
contonya,1,0,1
rente,0,1,1
brengsek,0,1,1
kongkalikong,0,1,1
trtm,0,1,1
ratus,0,1,1
tumpang,0,1,1
tindih,0,1,1
pas,1,0,1
beres,1,0,1
kanyenya,0,1,1
musuh,0,1,1
saya,0,1,1
i,0,1,1
stand,0,1,1
with,0,1,1
my,0,1,1
president,0,1,1
god,0,1,1
bless,0,1,1
sir,0,1,1
mua,1,0,1
formil,1,0,1
maupun,1,0,1
materil,1,0,1
masyrakat,1,0,1
petinggi,1,0,1
tampil,1,0,1
gentleman,1,0,1
cundang,1,0,1
gudang,1,0,1
yaitu,1,0,1
cegah,1,0,1
sampe,1,0,1
awkwkwk,1,0,1
ngebela,1,0,1
mulai,1,0,1
ni,1,0,1
bayangin,1,0,1
kmu,1,0,1
dekat,1,0,1
mu,1,0,1
hormat,1,0,1
ciptakerja,1,0,1
tang,1,0,1
kaliii,1,0,1
imilah,1,0,1
gambar,1,0,1
tnp,1,0,1
komisi,1,0,1
infografis,0,1,1
final,0,1,1
issue,0,1,1
gatau,0,1,1
karakter,0,1,1
tunduk,1,0,1
sanggup,1,0,1
biarpun,1,0,1
kontitusi,1,0,1
mentah,1,0,1
serentak,1,0,1
psti,1,0,1
nyaa,1,0,1
bkln,1,0,1
rampas,1,0,1
patok,1,0,1
trsbt,1,0,1
cpt,1,0,1
lm,1,0,1
akn,1,0,1
mnjd,1,0,1
jongos,1,0,1
man,1,0,1
doank,1,0,1
legal,1,0,1
kontrak,1,0,1
umur,1,0,1
pensiun,1,0,1
jht,1,0,1
harga,1,0,1
emban,1,0,1
misi,1,0,1
sinting,1,0,1
disahin,1,0,1
ketua,1,0,1
nemuin,1,0,1
itikad,1,0,1
delegasi,1,0,1
ketemu,1,0,1
taruh,1,0,1
klas,1,0,1
vs,1,0,1
sjw,1,0,1
ava,1,0,1
sekitar,1,0,1
tweet,1,0,1
r,1,0,1
ngegantung,1,0,1
multitafsir,1,0,1
jurig,1,0,1
pura,1,0,1
ber,1,0,1
almamater,1,0,1
waist,1,0,1
bag,1,0,1
versace,1,0,1
kw,1,0,1
mimpi,0,1,1
kesan,1,0,1
ditutupin,1,0,1
paket,0,1,1
wifi,0,1,1
klausul,1,0,1
dibiarin,1,0,1
cm,1,0,1
pangku,1,0,1
jr,1,0,1
dikeluarin,1,0,1
patut,1,0,1
pegang,1,0,1
ekstraksi,1,0,1
eksekutif,1,0,1
legislatif,1,0,1
reaksi,1,0,1
detail,1,0,1
pangkas,1,0,1
hewan,1,0,1
demokrasi,1,0,1
cinta,1,0,1
titik,1,0,1
viral,1,0,1
jagad,1,0,1
simpan,1,0,1
pria,1,0,1
hidung,1,0,1
belang,1,0,1
status,1,0,1
jam,1,0,1
wajah,1,0,1
rejim,1,0,1
halang,1,0,1
xin,1,0,1
jinping,1,0,1
anjing,1,0,1
nkri,1,0,1
dikuasampai,1,0,1
opportunis,1,0,1
hip,1,0,1
bpip,1,0,1
minerba,1,0,1
bubar,1,0,1
peras,1,0,1
dikerjain,1,0,1
stop,1,0,1
negatif,0,1,1
mas,0,1,1
anggur,0,1,1
yaudahlah,1,0,1
biarin,1,0,1
ketidakpuasan,1,0,1
walau,1,0,1
ngintel,1,0,1
intelijen,1,0,1
unt,1,0,1
koruptor,1,0,1
harto,1,0,1
kepala,1,0,1
nusantara,1,0,1
obl,1,0,1
coret,1,0,1
sertifikasi,1,0,1
mui,1,0,1
jg,1,0,1
mrs,1,0,1
munafik,1,0,1
naif,1,0,1
istighfar,1,0,1
btw,1,0,1
ko,1,0,1
ttd,1,0,1
materai,1,0,1
yok,0,1,1
malas,0,1,1
skuy,0,1,1
sanding,0,1,1
lembar,0,1,1
yth,0,1,1
,,,6026
